278,52
278,51
278,50
278,49
278,48
278,47
278,46
278,45
278,44
278,43
278,42
278,41
278,40
278,39
278,38
278,37
278,36
278,35
269,2
269,0
262,4
262,3
262,2
262,1
262,0
249,5
249,2
249,0
243,4
243,2
243,0
212,2
212,0
199,5
199,2
199,0
194,2
194,0
182,2
182,0
177,3
177,1
164,2
164,0
162,3
162,2
162,1
162,0
152,4
152,3
152,2
152,1
152,0
46,4
46,3
46,1
45,3
45,1
44,3
44,1
43,3
43,1
42,3
42,1
40,3
40,1
39,3
39,1
38,3
38,1
37,3
37,2
37,1
36,3
36,1
35,3
35,1
33,4
33,3
243,1
33,1
243,3
32,4
32,3
32,1
212,3
212,5
31,3
164,3
212,1
31,1
164,1
30,3
212,4
164,4
269,3
249,3
30,1
269,1
29,4
249,1
269,4
29,3
249,4
29,1
28,3
28,1
182,3
21,3
182,1
21,1
182,4
20,3
20,2
20,1
19,3
19,2
19,1
18,3
14,5
18,1
194,3
12,3
