240,52
240,51
240,50
240,49
240,48
240,47
240,46
240,45
240,44
240,43
240,42
240,41
240,40
240,39
240,38
240,37
240,36
240,35
234,2
234,0
229,4
229,3
229,2
229,1
229,0
212,2
212,0
199,5
199,2
199,0
194,2
194,0
182,2
182,0
177,3
177,1
164,2
164,0
162,3
162,2
162,1
162,0
152,4
152,3
152,2
152,1
152,0
46,4
46,3
46,1
44,3
44,1
43,3
43,1
42,3
42,1
40,3
40,1
39,3
39,1
38,3
38,1
37,3
37,2
37,1
36,3
36,1
35,3
35,1
33,4
33,3
33,1
32,4
32,3
32,1
31,3
31,1
30,3
30,1
29,4
29,3
29,1
28,3
28,1
20,3
20,2
20,1
19,3
19,2
19,1
14,2
14,0
12,3
12,2
12,1
11,3
11,2
11,1
10,3
18,1
10,2
18,3
10,1
9,3
9,2
9,1
8,3
8,2
8,1
3,3
3,2
3,1
2,3
2,2
2,1
0,0
234,3
234,1
234,4
182,3
